/Poses must be given in articular space
//Format:
//pose_name value0 value1 value2 value3 value4 value5 value6

door_1        0.6   0.3     0.0     1.04    1.8     0.0     0.0
door_2        0.6   0.3     0.0     1.04    1.8     1.3     0.0
home          0.0    0.0    0.0    0.0     0.0    0.0  1.5707
navigation   -1.40    0.0    0.0    2.07    0.0    0.9   0.0
box           0.3   -0.6    1.3    1.7   0.0    0.0   0.0
pre_nav       -0.3    0.0    0.0    0.8     0.0    0.4   0.0
table		  0.0   -0.3    -1     0.7     0.0    0.0   0.5
put1		 -0.2    0.0    0.0    2.35     0.0    0.6   0.0
put1_roll		 -0.7    0.0    0.0    2.35     0.0    0.9   -1.5708
place_bag     0.6    0.0    0.0    2.4     0.0   -1.4   0.0
place_bag_floor     1.0    0.0    0.0    0.5     0.0   -1.5   0.0
shelf_1		  1.2    0.0    0.0    2.0     0.0    0.0   0.0
shelf_2		  1.2    0.0    0.0    2.0     0.0   -1.5   0.0
dish_grasp		  -0.7    0.0    0.0    2.342     0.0   -1.7   0.0
take          0.3   -0.3    0.4    1.47   -0.4    0.3   0.2
place_dishwasher		  0.3    -0.3    0.6    1.47     -0.4   -0.5   0.2
put_storing		  0.6    0.0    0.0    0.7     0.0   0.3   0.0
put_storing1		  0.5    0.1    0.5    1.6     0.1   -0.2   -0.1
put_storing2		  0.5    0.1    0.5    1.6     0.1   -0.2   -0.1
#offer_seat	-0.4	0.0	0.0	1.8	0.0	0.0	0.0
offer_seat	-0.3	-0.3	0.4	1.8	1.3	0.0	0.0
#offer_seat1	0.6	-0.5	-1.0	1.1	-0.9	0.6	0.0
#offer_seat2	-0.3	0.2	-0.9	1.9	1.3	0.0	-1.2
grasped_object		 -0.2    0.0    0.0    2.35     0.0    0.6   0.0
put_storing_L1_P1	-0.177985	-0.0859239	0.282321	1.04643	-0.00153436	0.604536	0.0398932
put_storing_L1_P2	0.306871	0.138092	0.174917	0.325283	-0	0.636757	0.101267
put_storing_L2_P1	-0.454169	-0.32068	0.116611	1.9517	0.230153	0.340627	-0.435757
put_storing_L2_P2	0.185657	-0.0398932	0.188726	1.2551	0.227085	0.340627	-0.210207
put_storing_L3_P1	0.127351	0.185657	-0.0782521	2.0545	0.242428	0.850033	-0.343696
put_storing_L3_P2	0.561574	0.182588	0.0337558	2.01921	-0.00920613	-1.09093	0.182588
