arena	2.3	0.022	-0
bar	3.2785	-2.70438	-1.56681
bed	3.55	5.58	0
bedroom	2.64	5.67
bookcase	-0.148352	-1.87641	-0
corridor	-0.451706	0.0250496	0
couch	-0.494673	-1.88121	-1.5708
counter	3.27273	-2.70655	-1.56763
cupboard	3.39463	-0.360929	1.5708
current_loc	2.1269	-0.213574
current_person	2.1329	-0.212242
desk	1.8	5.61	3.1416
dining_room	-0.542227	6.16517
dining_table	-0.57448	5.08912	-1.5708
dishwasher	3.25192	-0.961363	1.56468
end_table	-0.483583	-1.8986	-1.57753
entrance	2.01319	0.00749467	-0
entrance_door	2.01184	0.0119633	3.13602
exit	-0.451706	0.0250496	3.15458
exitdoor	0.0930046	0.0683401	-0
initial_point	2.3	0.022	0
kitchen	3.74251	-2.01374	2.35
living_room	-0.475415	-1.00654
robot_inspection	3.6	-1.85	-1.5708
side_table	1.8	5.61	3.1416
sink	3.24848	-0.966732	1.5708
storage_table	3.27129	-2.70114	-1.56681
table_location	3.49	-0.8	3.1416
