arena	3.17698	-0.0105232	-0
arm_chair_1	6.94746	2.15902	-2.84411
arm_chair_2	7.10631	3.95912	2.52748
bathroom	1.60043	-1.96391
bathroom_drawer	1.57632	-1.53547	-4.681
bed	6.28134	-2.60491	-0
bedroom	6.0786	-1.6234
bookshelf	7.37231	0.565438	0.00707587
closet	5.8649	-1.07664	3.1416
coffee_table	6.67697	2.30866	1.58233
current_loc	6.93216	2.14776	2.15902
current_person	6.9198	2.14887	2.15902
dining_room	4.10294	1.96094
dining_table	3.84767	2.23343	1.5708
door-bedroom-living_room	6.08232	-0.91734	1.56879
door-hallway-outside_hallway	0.407236	-0.0391407	3.17941
door-living_room-bedroom	6.1667	0.68591	3.17941
entrance	0.467328	-0.0580842	-6.28319
entrance_door	2.2928	0.101838	3.16026
entrance_hall	2.2867	0.121719	3.13785
exit	2.01234	0.0358125	3.17941
exitdoor	0.446676	-0.0656223	-0
hallway	3.94561	-0.877819
kitchen	2.43508	2.18354
kitchen_counter	2.57993	1.88087	-1.5708
kitchen_table	2.95965	3.33522	-3.1416
living_room	7.11893	1.66773
plant	4.07457	-1.87368	-0
side_table_1	6.33884	-2.9006	-1.5708
side_table_2	7.25781	-1.45085	-0
sofa	7.0185	2.23165	2.43617
trash_bin	3.67728	1.02133	3.1416
tv_table	7.25955	2.80383	-0
waypoint_1	6.14152	-2.72968
waypoint_2	1.69923	-2.17749
waypoint_3	4.86133	1.45423
