arena	3.6307	-0.300725	-0
bed	10.3369	0.0142631	0.0385964
bedroom	9.59644	-1.66857	0.835075
bookcase	10.0746	-6.62505	-1.52
corridor	2.67578	-0.295289
couch	11.4289	-3.5051	-1.0127
counter	5.55585	-4.60112	1.63243
cupboard	7.62619	-1.30629	0.0402772
current_loc	3.61747	-0.274768
desk	11.2121	-1.37683	-0.00884316
dining_room	7.74673	-4.44266	-2.23916
dining_table	7.08049	-4.88998	-1.56374
dishwasher	5.51926	-2.70093	-1.53748
door_loc	1.15213	0.0736613	3.17941
end_table	10.2706	-4.77397	-0
entrance	1.44408	-0.0239896
exit	11.6392	-8.13218
exit_point	11.6421	-8.15245	-1.56422
exitdoor	11.6425	-8.12422
kitchen	6.19409	-1.28873
living_room	9.79957	-4.87795	0.0513151
side_table	10.3964	0.226464	1.61836
sink	6.04419	-2.67084	-1.58094
storage_table	7.35633	-2.15971	0.0810455
table_location	7.35633	-2.15971	0.0810455
