arena	1.96929	0.108268	-0.713352
bed	6.25734	-0.618103	4.71805
bedroom	4.84866	-2.57858	1.01489
bedside	6.33318	-2.66339	-0.0437068
corridor	2.62575	0.105292
cupboard	3.88865	2.62818	1.58582
current_loc	1.96274	0.115509
dining_table	2.33953	1.22764	-4.70201
dinning_room	3.70745	1.56518
door_loc	8.3692	3.11932	3.17941
entrance	0.786363	0.102253
entrance_door	0.54363	0.110861	3.17941
exit	8.01237	3.14655
exit_point	7.99114	3.14663
exitdoor	8.01468	3.17579
fridge	6.66096	0.357229	-0
kitchen	6.24527	1.98521
kitchen_table	6.61393	1.12549	-0
living_room	2.20802	-0.304909
living_table	2.37703	-0.714493	-1.57998
shelf	3.87129	2.58825	-4.70385
sofa	3.01377	-0.361966	-0.808823
stove	5.63626	2.30001	1.62122
table_location	2.34393	1.22023	1.62133
tv_stand	1.60717	-0.288949	-1.97866
