arena	1.91691	-0.246659	-0.941839
bed	1.91691	-0.246659	-0.941839
bedroom	7.08947	2.1131
bedroom_table	1.91691	-0.246659	-0.941839
bookcase	1.91691	-0.246659	-0.941839
cabinete	1.91691	-0.246659	-0.941839
current_loc	1.91691	-0.246659	-0.941839
dinning_room	2.31863	-1.91385
dinning_table	1.91691	-0.246659	-0.941839
entrance_door	0	0	0
exitdoor	3.03109	4.32836
fridge	1.91691	-0.246659	-0.941839
hall	1.91691	-0.246659	-0.941839
kitchen	6.59806	-2.47386
living_room	6.8862	0.170392
shelf	1.91691	-0.246659	-0.941839
side_table	1.91691	-0.246659	-0.941839
sofa	1.91691	-0.246659	-0.941839
stove	1.91691	-0.246659	-0.941839
tv	1.91691	-0.246659	-0.941839
