arena	1.25052	1.22865	0.809648
balcony	-1.31412	9.82082
balcony_shelf	-0.318046	11.0035	1.54823
bed	4.10386	1.75572	-3.12038
bedroom	4.94496	1.7258
bistro_table	-0.420562	10.5626	0.886221
bookcase	3.60465	8.33984	-1.52454
coffee_table	1.0202	10.6631	-0
corridor	2.21	6.28
cupboard	3.7	6.5	1.54077
current_loc	1.25627	1.21823
desk	4.86884	10.9676	1.54077
entrance	0.569756	1.53611
entrance_door	0.622614	0.799136	-2.34271
entrance_shelf	0.459341	2.2568	1.59322
exit	8.4	9.62
exit_door	7.58721	9.57666	0.0278537
exitdoor	8.26702	9.6189
fridge	5.51704	4.16884	-1.56423
kitchen	3.35216	5.32019
kitchen_counter	3.84895	4.22565	-1.56597
kitchen_rack	4.51784	6.57035	1.6465
kitchen_shelf	3.60592	6.59605	1.62053
kitchen_table	4.99348	4.36056	1.56865
left_planks	0.581177	7.86741	1.52862
left_rack	6.97946	11.4319	-0
little_desk	6.44197	1.89719	-0
living_room	5.7	9
livingroom	5.7	9
right_planks	-0.781765	8.32442	0.892739
right_rack	6.96687	10.8152	-0
sideboard	6.8264	7.4045	-0.0297814
sofa	4.48474	9.69068	-3.1416
table	3.35249	5.53109
table_location	3.31	5.25	0
table_location2  -0.3  10.0 -1.5707
teepee	5.57031	1.24982	-0.582444
tv	1.01239	9.9102	-0
